,Unnamed: 0_level_0,Unnamed: 1_level_0,Unnamed: 2_level_0,Unnamed: 3_level_0,Unnamed: 4_level_0,In the last 24 hours,In the last 24 hours,In the last 24 hours,In the last 24 hours,Notes,Day of Pandemic/Outbreak
,Date,Total Tested,Total Cases,Total Deaths,Total Recovered,Newly Tested,New Cases,New Deaths,Newly Recovered,Notes,Day of Pandemic/Outbreak
0,2020-03-08,111[107],3,0,0,,,0,,,Early spread
1,2020-03-11,142[108],3,0,2,,,0,,,1
2,2020-03-12,163[109],3,0,2,,,0,,,2
3,2020-03-13,187[110],3,0,2,,,0,,,3/1
4,2020-03-14,211[111],5,0,3,,,0,,,4/2
5,2020-03-15,231[112],5,0,3,,,0,,,5/3
6,2020-03-16,241[113],8,0,3,,,0,0.0,,6/4
7,2020-03-17,277[114],10,0,3,,,0,0.0,,7/5
8,2020-03-18,351[115],14,1,3,10,4.0,1,1.0,Three males were returnees from Italy and Kuwait while the female was a family member of a foreign returnee,8/6
9,2020-03-19,397,17,1,3,46,3.0,0,0.0,Two male cases are returnees from Italy and the female is a family member,9/7
10,2020-03-20,433,20,1,3,36,3.0,0,0.0,,10/8
11,2020-03-21,433* (Check Note),24,2,3,36* (Check note),4.0,1,2.0,First death from community transmission[116] *Government press releases from both 2020-3-20 and 2020-3-21 state that 'total number of individuals tested for COVID-19 till date' is 433 and 'number tested in last 24 hours' is 36. These are likely errors.,11/9
12,2020-03-22,564,27,2,5,27,3.0,0,0.0,New cases include a doctor who treated the patient who died on 20 March.[117],12/10
13,2020-03-23,620,33,3,5,56,6.0,1,0.0,"New cases characteristics: 3 males, 3 females; 23 healthcare workers, and two returnees from India and Bahrain. New death caused by community transmission.",13/11
14,2020-03-24,712,39,4,5,92,6.0,1,0.0,New positives include returnee from Saudi Arabia and 4 locals with epidemiological link. The death of the female was related to community transmission,14/12
15,2020-03-25,794,39,5,5,82,0.0,1,6.0,,15/13
16,2020-03-26,920,44,5,11,126,5.0,0,0.0,,16/14
17,2020-03-27,1026,48,5,11,106,4.0,0,0.0,,17/15
18,2020-03-28,1076,48,5,15,47,0.0,0,4.0,,18/16
19,2020-03-29[118],"1,185[119]",48,5,15,109,0.0,0,4.0,,19/17
20,2020-03-30[120],"1,338[121]",49,5,19,153,1.0,0,4.0,,20/18
21,2020-03-31[122],"1,602[123]",51,5,25,140,2.0,0,6.0,,21/19
22,2020-04-01[124],"1,759[125]",54,6,26,157,1.0,1,1.0,,22/20
23,2020-04-02[126],"1,906[127]",56,6,26,141,2.0,0,0.0,,23/21
24,2020-04-03[128],"2,113[129]",61,6,26,203,5.0,0,0.0,,24/22
25,2020-04-04[130],"2,547[131]",70,8,30,434,9.0,2,4.0,,25/23
26,2020-04-05[132],"2,914[133]",88,9,33,367,18.0,1,3.0,,26/24
27,2020-04-06[134],"3,610[135]",164,17,33,468,41.0,5,0.0,,27/25
28,2020-04-07[130],"4,289[136]",164,17,33,792,41.0,5,0.0,,28/26
29,2020-04-08[137],"5,194[138]",218,20,33,981,54.0,3,0.0,,29/27
30,2020-04-09[139],"6,175[140]",330,21,33,905,112.0,1,0.0,,30/28
31,2020-04-10[139],"7,359[141]",424,27,33,1184,94.0,6,0.0,,31/29
32,2020-04-11[142],8313,482,30,36,954,58.0,3,3.0,,32/30
33,2020-04-12[143],"9,653[144]",621,34,39,1340,139.0,4,3.0,,33/31
34,2020-04-13[145],"11,223[146]",803,39,42,1570,182.0,5,3.0,,34/32
35,2020-04-14[147],13128,1012,46,42,1905,209.0,7,0.0,,35/33
36,2020-04-15[148],14868,1231,50,49,1740,219.0,4,7.0,,36/34
37,2020-04-16[149],17003,1572,60,49,2135,341.0,10,0.0,,37/35
38,2020-04-17[150],19193,1838,75,58,2190,266.0,15,9.0,,38/36
39,2020-04-18[151],21307,2144,84,66,2114,306.0,9,8.0,,39/37
40,2020-04-19,23941,2456,91,75,2634,312.0,7,9.0,,40/38
41,2020-04-20,26604,2948,101,85,2779,492.0,10,10.0,,41/39
42,2020-04-21,29578,3382,110,87,2974,434.0,9,2.0,,42/40
43,2020-04-22,32630,3772,120,92,3043,390.0,10,5.0,,43/41
44,2020-04-23,36090,4186,127,108,3460,414.0,7,16.0,,44/42
45,2020-04-24,39476,4689,131,112,3386,503.0,4,4.0,,45/43
46,2020-04-25,43113,4998,140,113,3637,309.0,9,1.0,,46/44
47,2020-04-26,46589,5416,145,122,3476,418.0,5,9.0,,47/45
48,2020-04-27,50401,5913,152,131,3812,497.0,7,9.0,,48/46
49,2020-04-28,54733,6462,155,139,4332,549.0,3,8.0,,49/47
50,2020-04-29,59701,7103,163,150,4968,641.0,8,11.0,,50/48
51,2020-04-30,64666,7667,168,160,4965,564.0,5,10.0,,51/49
52,2020-05-01,70239,8238,170,174,5573,571.0,2,14.0,,52/50
53,2020-05-02,76066,8790,175,177,5827,552.0,5,3.0,,53/51
54,2020-05-03,81434,9455,177,1063,5368,665.0,2,886.0,"The total number of recoveries surged and crossed 1,000 marks, according to new guidelines.",54/52
55,2020-05-04,87694,10143,182,1209,6260,688.0,5,146.0,,55/53
56,2020-05-05,93405,10929,183,1403,5711,786.0,1,194.0,,56/54
57,2020-05-06,99646,11719,186,1403,6241,790.0,3,0.0,,57/55
58,2020-05-07,105513,12425,199,1910,5867,706.0,13,507.0,,58/56
59,2020-05-08,111454,13134,206,2101,5941,709.0,7,191.0,,59/57
60,2020-05-09,116919,13770,214,2414,5518,636.0,8,313.0,,60/58
61,2020-05-10[152],122657,14657,228,2650,5738,887.0,14,236.0,,61/59
62,2020-05-11,129865,15691,239,2902,7208,1034.0,11,252.0,,62/60
63,2020-05-12,136638,16660,250,3147,6773,969.0,11,245.0,,63/61
64,2020-05-13,144538,17822,269,3361,7900,1162.0,19,214.0,,64/62
65,2020-05-14,151930,18863,283,3603,7392,1041.0,14,242.0,,65/63
66,2020-05-15,160512,20065,298,3882,8582,1202.0,15,279.0,,66/64
67,2020-05-16,167114,20995,314,4117,6602,930.0,16,235.0,,67/65
68,2020-05-17,175228,22268,328,4373,8114,1273.0,14,256.0,,68/66
69,2020-05-18,185086,23870,349,4585,9858,1602.0,21,212.0,,69/67
70,2020-05-19,193645,25121,370,4993,8559,1251.0,21,408.0,,70/68
71,2020-05-20,203852,26738,386,5207,10207,1617.0,16,214.0,,71/69
72,2020-05-21,214114,28511,408,5602,10262,1773.0,22,395.0,,72/70
73,2020-05-22,223841,30205,432,6190,9727,1694.0,24,588.0,,73/71
74,2020-05-23,234675,32078,452,6486,10834,1873.0,20,296.0,,74/72
75,2020-05-24,243583,33610,480,6901,8908,1532.0,28,415.0,,75/73
76,2020-05-25,253034,35585,501,7334,9451,1975.0,21,433.0,,76/74
77,2020-05-26[153],258550,36751,522,7579,5516,1166.0,21,245.0,,77/75
78,2020-05-27,266456,38292,544,7925,7906,1541.0,22,346.0,,78/76
79,2020-05-28,275776,40321,559,8425,9320,2029.0,15,500.0,,79/77
80,2020-05-29,287067,42844,582,9015,11291,2523.0,23,590.0,,80/78
81,2020-05-30,297054,44608,610,9375,9987,1764.0,28,360.0,,81/79
82,2020-05-31,308930,47153,650,9781,11876,2545.0,40,406.0,,82/80
83,2020-06-01,320969,49534,672,10597,12039,2381.0,22,816.0,,83/81
84,2020-06-02,333073,52445,709,11120,12104,2911.0,37,523.0,,84/82
85,2020-06-03,345583,55140,746,11590,12510,2695.0,37,470.0,,85/83
86,2020-06-04,358277,57563,781,12161,12694,2423.0,35,571.0,,86/84
87,2020-06-05,372365,60391,811,12804,14088,2828.0,30,643.0,,87/85
88,2020-06-06,384851,63026,846,13325,12486,2635.0,35,521.0,,88/86
89,2020-06-07,397987,65769,888,13903,13136,2743.0,42,578.0,,89/87
90,2020-06-08,410841,68504,930,14560,12854,2735.0,42,657.0,,90/88
91,2020-06-09,425595,71675,975,15337,14754,3171.0,45,777.0,,91/89
92,2020-06-10,441560,74865,1012,15900,15965,3190.0,37,563.0,,92/90
93,2020-06-11,457332,78052,1049,16747,15772,3187.0,37,847.0,,93/91
94,2020-06-12,473322,81523,1095,17249,15990,3471.0,46,502.0,,94/92
95,2020-06-13,489960,84379,1139,17827,16638,2856.0,44,578.0,The total number of coronavirus cases in Bangladesh exceeded the total number of coronavirus cases in China.,95/93
96,2020-06-14,501465,87520,1171,18730,14505,3141.0,32,903.0,,96/94
97,2020-06-15,516503,90619,1209,34027,15038,3099.0,38,15297.0,"Bangladesh saw a sharp surge in the total number of recoveries two days after overtaking China in terms of coronavirus infections. Dr. Nasima Sultana said that over 15,000 patients recovered from COVID-19. The patients who recovered from COVID-19 included both symptomatic and asymptomatic patients. The recoveries occurred not only in hospital, but also at home.",97/95
98,2020-06-16,533717,94481,1262,36264,17214,3862.0,53,2237.0,,98/96
99,2020-06-17,551244,98489,1305,38189,17527,4008.0,43,1925.0,,99/97
100,2020-06-18,567503,102292,1343,40164,16259,3803.0,38,1975.0,,100/98
101,2020-06-19,582548,105535,1388,42945,15045,3243.0,45,2781.0,,101/99
102,2020-06-20,596579,108775,1425,43993,14031,3240.0,37,1048.0,,102/100
103,2020-06-21,612164,112306,1464,45077,15585,3531.0,39,1084.0,,103/101
104,2020-06-22,627719,115786,1502,46755,15555,3480.0,38,1678.0,,104/102
105,2020-06-23,644011,119198,1545,47635,16292,3412.0,43,880.0,,105/103
106,2020-06-24,660444,122660,1582,49666,16433,3462.0,37,2031.0,,106/104
107,2020-06-25,678443,126606,1621,51495,17999,3946.0,39,1829.0,,107/105
108,2020-06-26,696941,130474,1661,53133,18498,3868.0,40,1638.0,,108/106
109,2020-06-27,712098,133978,1695,54318,15157,3504.0,34,1185.0,,109/107
110,2020-06-28,730197,137787,1738,55727,18099,3809.0,43,1409.0,,110/108
111,2020-06-29,748034,141801,1783,57780,17837,4014.0,45,2053.0,,111/109
112,2020-06-30,766460,145483,1847,59624,18426,3682.0,64,1844.0,,112/110
113,2020-07-01,784335,149258,1888,62108,17875,3775.0,41,2484.0,,113/111
114,2020-07-02,802697,153277,1926,66442,18362,4019.0,38,4334.0,,114/112
115,2020-07-03,817347,156391,1968,68048,14650,3114.0,42,1606.0,,115/113
116,2020-07-04,832074,159679,1997,70721,14727,3288.0,29,2673.0,,116/114
117,2020-07-05,846062,162417,2052,72625,13988,2738.0,55,1904.0,,117/115
118,2020-07-06,860307,165618,2096,76149,14245,3201.0,44,3524.0,,118/116
119,2020-07-07,873480,168645,2151,78102,13173,3027.0,55,1953.0,"The total number of coronavirus cases in Bangladesh exceeded the total number of coronavirus cases in France. In terms of the number of recoveries, Bangladesh also overtook France.",119/117
120,2020-07-08,889152,172134,2197,80838,15672,3489.0,46,2736.0,Bangladesh overtook China in terms of the number of recoveries.,120/118
121,2020-07-09,904784,175494,2238,84544,15632,3360.0,41,3706.0,,121/119
122,2020-07-10,918272,178443,2275,86406,13488,2949.0,37,1862.0,,122/120
123,2020-07-11,929465,181129,2305,88034,11193,2686.0,30,1628.0,,123/121
124,2020-07-12,940524,183795,2352,93614,11059,2666.0,47,5580.0,The number of recoveries in Bangladesh exceeded the number of active cases.,124/122
125,2020-07-13,952947,186894,2391,98317,12423,3099.0,39,4703.0,,125/123
126,2020-07-14,966400,190057,2424,103227,13453,3163.0,33,4910.0,,126/124
127,2020-07-15,980402,193590,2457,105523,14002,3533.0,33,2296.0,,127/125
128,2020-07-16,993291,196323,2496,106963,12889,2733.0,39,1440.0,,128/126
129,2020-07-17,1009751,199357,2547,108725,13460,3034.0,51,1762.0,,129/127
130,2020-07-18,1020674,202066,2581,110098,10923,2709.0,34,1373.0,,130/128
131,2020-07-19,1031299,204525,2618,111642,10625,2549.0,37,1544.0,,131/129
132,2020-07-20,1044661,207453,2668,113556,13362,2928.0,50,1914.0,,132/130
133,2020-07-21,1054559,210510,2709,115399,12898,3057.0,39,1843.0,,133/131
134,2020-07-22,1066609,213254,2751,117202,12050,2744.0,42,1803.0,,134/132
135,2020-07-23,1079007,216110,2801,119208,12398,2856.0,50,2006.0,,135/133
136,2020-07-24,1091034,218658,2836,120976,12027,2548.0,35,1768.0,,136/134
137,2020-07-25,1101480,221178,2874,122090,10446,2520.0,38,1114.0,,137/135
138,2020-07-26,1111558,223453,2928,123882,10078,2275.0,54,1792.0,,138/136
139,2020-07-27,1124417,226225,2965,125683,12859,2772.0,37,1801.0,,139/137
140,2020-07-28,1137131,229185,3000,127414,12714,2960.0,35,1731.0,,140/138
141,2020-07-29,1151258,232194,3035,130292,14127,3009.0,35,2878.0,,141/139
142,2020-07-30,1164195,234889,3083,132960,12937,2695.0,48,2668.0,,142/140
143,2020-07-31,1176809,237661,3111,135136,12614,2772.0,28,2176.0,,143/141
144,2020-08-01,1185611,239807,3132,136253,8802,2199.0,21,1117.0,,144/142
145,2020-08-02,1189295,240746,3154,136839,3684,886.0,22,568.0,,145/143
146,2020-08-03,1193544,242102,3184,137905,4249,1356.0,30,1066.0,,146/144
147,2020-08-04,1201256,244020,3234,139860,7712,1918.0,50,1955.0,,147/145
148,2020-08-05,1212416,246674,3267,141750,11160,2654.0,33,1890.0,,148/146
149,2020-08-06,1225124,249651,3306,143824,12708,2977.0,39,2074.0,,149/147
150,2020-08-07,1237823,252502,3333,145584,12699,2851.0,27,1760.0,,150/148
151,2020-08-08,1249560,255113,3365,146604,11737,2611.0,32,1020.0,,151/149
152,2020-08-09,1260319,257600,3399,148370,10759,2487.0,34,1766.0,,152/150
153,2020-08-10,1273168,260507,3438,150437,12849,2907.0,39,2076.0,,153/151
154,2020-08-11,1287988,263503,3471,151972,14820,2996.0,33,1535.0,,154/152
155,2020-08-12,1302739,266498,3513,153089,14751,2995.0,42,1117.0,,155/153
156,2020-08-13,1315901,269115,3557,154871,13162,2617.0,44,1782.0,,156/154
157,2020-08-14,1328754,271881,3591,156623,12856,2766.0,34,1752.0,,157/155
158,2020-08-15,1341645,274525,3625,157635,12891,2644.0,34,1012.0,,158/156
159,2020-08-16,1351663,276549,3657,158950,10018,2024.0,32,1315.0,,159/157
160,2020-08-17,1364186,279144,3694,158950,12523,2595.0,37,1641.0,,160/158
161,2020-08-18,1378820,282344,3740,162825,14634,3200.0,46,3234.0,,161/159
162,2020-08-19,1393498,285091,3781,165738,14678,2747.0,41,2913.0,,162/160
163,2020-08-20,1407557,287959,3822,168991,14059,2868.0,41,3253.0,,163/161
164,2020-08-21,1420500,290360,3861,172615,12943,2401.0,39,3624.0,,164/162
165,2020-08-22,1431865,292625,3907,175567,11365,2265.0,46,2952.0,,165/163
166,2020-08-23,1442666,294598,3941,179091,10801,1973.0,34,3524.0,,166/164
167,2020-08-24,1456048,297083,3941,182875,13382,2485.0,42,3784.0,,167/165
168,2020-08-25,1470201,299628,4028,186756,14153,2545.0,45,3881.0,,168/166
169,2020-08-26,1485271,302147,4082,190183,15070,2519.0,54,3427.0,,169/167
170,2020-08-27,1500395,304583,4127,193458,15124,2436.0,45,3275.0,,170/168
171,2020-08-28,1514036,306794,4174,196836,13741,2211.0,47,3378.0,,171/169
172,2020-08-29,1525825,308925,4206,198863,11689,2131.0,32,2027.0,,172/170
173,2020-08-30,1537759,310822,4248,201907,11934,1897.0,42,3044.0,,173/171
174,2020-08-31,1550213,312996,4281,204887,12454,2174.0,33,2980.0,,174/172
175,2020-09-01,1562422,314946,4316,208117,12209,1950.0,35,3290.0,,175/173
176,2020-09-02,1577624,317528,4351,211016,15204,2582.0,35,2839.0,,176/174
177,2020-09-03,1592046,319686,4383,213980,14422,2298.0,32,2964.0,,177/175
